0,0,0,0,0,0,0,0,0,0,0,0,0,0,0,0,0,0,0,0,0,0,0,0,0,0,0,0,0,0,0,0,0,0,0,0,0,0,0,0,0,0,0,0,0,0,0,0,0,0,0,0,0,0,0,0,0,0,0,0,0,0,0,0,0,0,0,0,0,0,0,0,0,0,0,0,0,0,0,0,0,0,0,0,0,0,0,0,0,0,0,0,0,0,0,0,0,0,0,0,0,0,0,0,0,0,0,0,0,0,0,0,0,0,0,0,0,0,0,0
0,0,0,0,0,0,0,0,0,0,0,0,0,0,0,0,0,0,0,0,0,0,0,0,0,0,0,0,0,0,0,0,0,0,0,0,0,0,0,0,0,0,0,0,0,0,0,0,0,0,0,0,0,0,0,0,0,0,0,0,0,0,0,0,0,0,0,0,0,0,0,0,0,0,0,0,0,0,0,0,0,0,0,0,0,0,0,0,0,0,0,0,0,0,0,0,0,0,0,0,0,0,0,0,0,0,0,0,0,0,0,0,0,0,0,0,0,0,0,0
0,0,0,0,0,0,0,0,0,0,0,0,0,0,0,0,0,0,0,0,0,0,0,0,0,0,0,0,0,0,0,0,0,0,0,0,0,0,0,0,0,0,0,0,0,0,0,0,0,0,0,0,0,0,0,0,0,0,0,0,0,0,0,0,0,0,0,0,0,0,0,0,0,0,0,0,0,0,0,0,0,0,0,0,0,0,0,0,0,0,0,0,0,0,0,0,0,0,0,0,0,0,0,0,0,0,0,0,0,0,0,0,0,0,0,0,0,0,0,0
0,0,0,0,0,0,0,0,0,0,0,0,0,0,0,0,0,0,0,0,0,0,0,0,0,0,0,0,0,0,0,0,0,0,0,0,0,0,0,0,0,0,0,0,0,0,0,0,0,0,0,0,0,0,0,0,0,0,0,0,0,0,0,0,0,0,0,0,0,0,0,0,0,0,0,0,0,0,0,0,0,0,0,0,0,0,0,0,0,0,0,0,0,0,0,0,0,0,0,0,0,0,0,0,0,0,0,0,0,0,0,0,0,0,0,0,0,0,0,0
0,0,0,0,0,0,0,0,0,0,0,0,0,0,0,0,0,0,0,0,0,0,0,0,0,0,0,0,0,0,0,0,0,0,0,0,0,0,0,0,0,0,0,0,0,0,0,0,0,0,0,0,0,0,0,0,0,0,0,0,0,0,0,0,0,0,0,0,0,0,0,0,0,0,0,0,0,0,0,0,0,0,0,0,0,0,0,0,0,0,0,0,0,0,0,0,0,0,0,0,0,0,0,0,0,0,0,0,0,0,0,0,0,0,0,0,0,0,0,0
0,0,0,0,0,0,0,0,0,0,0,0,0,0,0,0,0,0,0,0,0,0,0,0,0,0,0,0,0,0,0,0,0,0,0,0,0,0,0,0,0,0,0,0,0,0,0,0,0,0,0,0,0,0,0,0,0,0,0,0,0,0,0,0,0,0,0,0,0,0,0,0,0,0,0,0,0,0,0,0,0,0,0,0,0,0,0,0,0,0,0,0,0,0,0,0,0,0,0,0,0,0,0,0,0,0,0,0,0,0,0,0,0,0,0,0,0,0,0,0
0,0,0,0,0,0,0,0,0,0,0,0,0,0,0,0,0,0,0,0,0,0,0,0,0,0,0,0,0,0,0,0,0,0,0,0,0,0,0,0,0,0,0,0,0,0,0,0,0,0,0,0,0,0,0,0,0,0,0,0,0,0,0,0,0,0,0,0,0,0,0,0,0,0,0,0,0,0,0,0,0,0,0,0,0,0,0,0,0,0,0,0,0,0,0,0,0,0,0,0,0,0,0,0,0,0,0,0,0,0,0,0,0,0,0,0,0,0,0,0
0,0,0,0,0,0,0,0,0,0,0,0,0,0,0,0,0,0,0,0,0,0,0,0,0,0,0,0,0,0,0,0,0,0,0,0,0,0,0,0,0,0,0,0,0,0,0,0,0,0,0,0,0,0,0,0,0,0,0,0,0,0,0,0,0,0,0,0,0,0,0,0,0,0,0,0,0,0,0,0,0,0,0,0,0,0,0,0,0,0,0,0,0,0,0,0,0,0,0,0,0,0,0,0,0,0,0,0,0,0,0,0,0,0,0,0,0,0,0,0
0,0,0,0,0,0,0,0,0,0,0,0,0,0,0,0,0,0,0,0,0,0,0,0,0,0,0,0,0,0,0,0,0,0,0,0,0,0,0,0,0,0,0,0,0,0,0,0,0,0,0,0,0,0,0,0,0,0,0,0,0,0,0,0,0,0,0,0,0,0,0,0,0,0,0,0,0,0,0,0,0,0,0,0,0,0,0,0,0,0,0,0,0,0,0,0,0,0,0,0,0,0,0,0,0,0,0,0,0,0,0,0,0,0,0,0,0,0,0,0
0,0,0,0,0,0,0,0,0,0,0,0,0,0,0,0,0,0,0,0,0,0,0,0,0,0,0,0,0,0,0,0,0,0,0,0,0,0,0,0,0,0,0,0,0,0,0,0,0,0,0,0,0,0,0,0,0,0,0,0,0,0,0,0,0,0,0,0,0,0,0,0,0,0,0,0,0,0,0,0,0,0,0,0,0,0,0,0,0,0,0,0,0,0,0,0,0,0,0,0,0,0,0,0,0,0,0,0,0,0,0,0,0,0,0,0,0,0,0,0
0,0,0,0,0,0,0,0,0,0,0,0,0,0,0,0,0,0,0,0,0,0,0,0,0,0,0,0,0,0,0,0,0,0,0,0,0,0,0,0,0,0,0,0,0,0,0,0,0,0,0,0,0,0,0,0,0,0,0,0,0,0,0,0,0,0,0,0,0,0,0,0,0,0,0,0,0,0,0,0,0,0,0,0,0,0,0,0,0,0,0,0,0,0,0,0,0,0,0,0,0,0,0,0,0,0,0,0,0,0,0,0,0,0,0,0,0,0,0,0
0,0,0,0,0,0,0,0,0,0,0,0,0,0,0,0,0,0,0,0,0,0,0,0,0,0,0,0,0,0,0,0,0,0,0,0,0,0,0,0,0,0,0,0,0,0,0,0,0,0,0,0,0,0,0,0,0,0,0,0,0,0,0,0,0,0,0,0,0,0,0,0,0,0,0,0,0,0,0,0,0,0,0,0,0,0,0,0,0,0,0,0,0,0,0,0,0,0,0,0,0,0,0,0,0,0,0,0,0,0,0,0,0,0,0,0,0,0,0,0
0,0,0,0,0,0,0,0,0,0,0,0,0,0,0,0,0,0,0,0,0,0,0,0,0,0,0,0,0,0,0,0,0,0,0,0,0,0,0,0,0,0,0,0,0,0,0,0,0,0,0,0,0,0,0,0,0,0,0,0,0,0,0,0,0,0,0,0,0,0,0,0,0,0,0,0,0,0,0,0,0,0,0,0,0,0,0,0,0,0,0,0,0,0,0,0,0,0,0,0,0,0,0,0,0,0,0,0,0,0,0,0,0,0,0,0,0,0,0,0
0,0,0,0,0,0,0,0,0,0,0,0,0,0,0,0,0,0,0,0,0,0,0,0,0,0,0,0,0,0,0,0,0,0,0,0,0,0,0,0,0,0,0,0,0,0,0,0,0,0,0,0,0,0,0,0,0,0,0,0,0,0,0,0,0,0,0,0,0,0,0,0,0,0,0,0,0,0,0,0,0,0,0,0,0,0,0,0,0,0,0,0,0,0,0,0,0,0,0,0,0,0,0,0,0,0,0,0,0,0,0,0,0,0,0,0,0,0,0,0
0,0,0,0,0,0,0,0,0,0,0,0,0,0,0,0,0,0,0,0,0,0,0,0,0,0,0,0,0,0,0,0,0,0,0,0,0,0,0,0,0,0,0,0,0,0,0,0,0,0,0,0,0,0,0,0,0,0,0,0,0,0,0,0,0,0,0,0,0,0,0,0,0,0,0,0,0,0,0,0,0,0,0,0,0,0,0,0,0,0,0,0,0,0,0,0,0,0,0,0,0,0,0,0,0,0,0,0,0,0,0,0,0,0,0,0,0,0,0,0
0,0,0,0,0,0,0,0,0,0,0,0,0,0,0,0,0,0,0,0,0,0,0,0,0,0,0,0,0,0,0,0,0,0,0,0,0,0,0,0,0,0,0,0,0,0,0,0,0,0,0,0,0,0,0,0,0,0,0,0,0,0,0,0,0,0,0,0,0,0,0,0,0,0,0,0,0,0,0,0,0,0,0,0,0,0,0,0,0,0,0,0,0,0,0,0,0,0,0,0,0,0,0,0,0,0,0,0,0,0,0,0,0,0,0,0,0,0,0,0
0,0,0,0,0,0,0,0,0,0,0,0,0,0,0,0,0,0,0,0,0,0,0,0,0,0,0,0,0,0,0,0,0,0,0,0,0,0,0,0,0,0,0,0,0,0,0,0,0,0,0,0,0,0,0,0,0,0,0,0,0,0,0,0,0,0,0,0,0,0,0,0,0,0,0,0,0,0,0,0,0,0,0,0,0,0,0,0,0,0,0,0,0,0,0,0,0,0,0,0,0,0,0,0,0,0,0,0,0,0,0,0,0,0,0,0,0,0,0,0
0,0,0,0,0,0,0,0,0,0,0,0,0,0,0,0,0,0,0,0,0,0,0,0,0,0,0,0,0,0,0,0,0,0,0,0,0,0,0,0,0,0,0,0,0,0,0,0,0,0,0,0,0,0,0,0,0,0,0,0,0,0,0,0,0,0,0,0,0,0,0,0,0,0,0,0,0,0,0,0,0,0,0,0,0,0,0,0,0,0,0,0,0,0,0,0,0,0,0,0,0,0,0,0,0,0,0,0,0,0,0,0,0,0,0,0,0,0,0,0
0,0,0,0,0,0,0,0,0,0,0,0,0,0,0,0,0,0,0,0,0,0,0,0,0,0,0,0,0,0,0,0,0,0,0,0,0,0,0,0,0,0,0,0,0,0,0,0,0,0,0,0,0,0,0,0,0,0,0,0,0,0,0,0,0,0,0,0,0,0,0,0,0,0,0,0,0,0,0,0,0,0,0,0,0,0,0,0,0,0,0,0,0,0,0,0,0,0,0,0,0,0,0,0,0,0,0,0,0,0,0,0,0,0,0,0,0,0,0,0
0,0,0,0,0,0,0,0,0,0,0,0,0,0,0,0,0,0,0,0,0,0,0,0,0,0,0,0,0,0,0,0,0,0,0,0,0,0,0,0,0,0,0,0,0,0,0,0,0,0,0,0,0,0,0,0,0,0,0,0,0,0,0,0,0,0,0,0,0,0,0,0,0,0,0,0,0,0,0,0,0,0,0,0,0,0,0,0,0,0,0,0,0,0,0,0,0,0,0,0,0,0,0,0,0,0,0,0,0,0,0,0,0,0,0,0,0,0,0,0
0,0,0,0,0,0,0,0,0,0,0,0,0,0,0,0,0,0,0,0,0,0,0,0,0,0,0,0,0,0,0,0,0,0,0,0,0,0,0,0,0,0,0,0,0,0,0,0,0,0,0,0,0,0,0,0,0,0,0,0,0,0,0,0,0,0,0,0,0,0,0,0,0,0,0,0,0,0,0,0,0,0,0,0,0,0,0,0,0,0,0,0,0,0,0,0,0,0,0,0,0,0,0,0,0,0,0,0,0,0,0,0,0,0,0,0,0,0,0,0
0,0,0,0,0,0,0,0,0,0,0,0,0,0,0,0,0,0,0,0,0,0,0,0,0,0,0,0,0,0,0,0,0,0,0,0,0,0,0,0,0,0,0,0,0,0,0,0,0,0,0,0,0,0,0,0,0,0,0,0,0,0,0,0,0,0,0,0,0,0,0,0,0,0,0,0,0,0,0,0,0,0,0,0,0,0,0,0,0,0,0,0,0,0,0,0,0,0,0,0,0,0,0,0,0,0,0,0,0,0,0,0,0,0,0,0,0,0,0,0
0,0,0,0,0,0,0,0,0,0,0,0,0,0,0,0,0,0,0,0,0,0,0,0,0,0,0,0,0,0,0,0,0,0,0,0,0,0,0,0,0,0,0,0,0,0,0,0,0,0,0,0,0,0,0,0,0,0,0,0,0,0,0,0,0,0,0,0,0,0,0,0,0,0,0,0,0,0,0,0,0,0,0,0,0,0,0,0,0,0,0,0,0,0,0,0,0,0,0,0,0,0,0,0,0,0,0,0,0,0,0,0,0,0,0,0,0,0,0,0
0,0,0,0,0,0,0,0,0,0,0,0,0,0,0,0,0,0,0,0,0,0,0,0,0,0,0,0,0,0,0,0,0,0,0,0,0,0,0,0,0,0,0,0,0,0,0,0,0,0,0,0,0,0,0,0,0,0,0,0,0,0,0,0,0,0,0,0,0,0,0,0,0,0,0,0,0,0,0,0,0,0,0,0,0,0,0,0,0,0,0,0,0,0,1004,1005,1005,1005,1005,1005,1005,1005,1005,1005,1005,1005,1005,1005,1032,0,0,0,0,0,0,0,0,0,0,0
0,0,0,0,0,0,0,0,0,0,0,0,0,0,0,0,0,0,0,0,0,0,0,0,0,0,0,0,0,0,0,0,0,0,0,0,0,0,0,0,0,0,0,0,0,0,0,0,0,0,0,0,0,0,0,0,0,0,0,0,0,0,0,0,0,0,0,0,0,0,0,0,0,0,0,0,0,0,0,0,0,0,0,0,1028,1005,1005,1005,1005,1005,1005,1005,1005,1005,1029,1162,1162,1162,1162,1162,1163,1163,1163,891,1163,1161,1163,1163,1031,1032,0,0,0,0,0,0,0,0,0,0
0,0,0,0,0,0,0,0,0,0,0,0,0,0,0,0,0,0,0,0,0,0,0,0,0,0,0,0,0,0,0,0,0,0,0,0,0,0,0,0,0,0,0,0,0,0,0,0,0,0,0,0,0,0,0,0,0,0,0,0,0,0,0,0,0,0,0,0,0,0,0,0,0,0,0,0,0,0,0,0,0,0,0,1028,1029,1163,1163,1163,1163,1163,1163,1163,1163,1165,1162,891,1162,1162,1162,1162,1162,1162,1162,1163,1163,1161,1163,1163,891,1031,1032,0,0,0,0,0,0,0,0,0
0,0,0,0,0,0,0,0,0,0,0,0,0,0,0,0,0,0,0,0,0,0,0,0,0,0,0,0,0,0,0,0,0,0,0,0,0,0,0,0,0,0,0,0,0,0,0,0,0,0,0,0,0,0,0,0,0,0,0,0,0,0,0,0,0,0,0,0,0,0,0,0,0,0,0,0,0,0,0,0,0,0,0,1053,1163,1163,1163,1163,1163,1163,891,1163,1163,1165,1162,1162,1162,1162,1162,1162,1162,890,1163,1163,1163,1161,1163,1163,1163,1163,1031,1032,0,0,0,0,0,0,0,0
0,0,0,0,0,0,0,0,0,0,0,0,0,0,0,0,0,0,0,0,0,0,0,0,0,0,0,0,0,0,0,0,0,0,0,0,0,0,0,0,0,0,0,0,0,0,0,0,0,0,0,0,0,0,0,0,0,0,0,0,0,0,0,0,0,0,0,0,0,0,0,0,0,0,0,0,0,0,0,0,0,0,0,1053,1163,1163,1163,890,1163,1163,1163,1163,1163,1165,1162,1162,1162,1162,890,1162,1162,1162,1162,1163,1163,1161,1163,1163,869,1163,1163,1057,0,0,0,0,0,0,0,0
0,0,0,0,0,0,0,0,0,0,0,0,0,0,0,0,0,0,0,0,0,0,0,0,0,0,0,0,0,0,0,0,0,0,0,0,0,0,0,0,0,0,0,0,0,0,0,0,0,0,0,0,0,0,0,0,0,0,0,0,0,0,0,0,0,0,0,0,0,0,0,0,0,0,0,0,0,0,0,0,0,0,1028,1029,1163,1163,1163,1163,1163,1163,1163,891,1163,1165,1162,1162,1162,1162,1162,1163,1162,1163,891,1163,1163,1161,1163,1163,890,1163,1163,1057,0,0,0,0,0,0,0,0
0,0,0,0,0,0,0,0,0,0,0,0,0,0,0,0,0,0,0,0,0,0,0,0,0,0,0,0,0,0,0,0,0,0,0,0,0,0,0,0,0,0,0,0,0,0,0,0,0,0,0,0,0,0,0,0,0,0,0,0,0,0,0,0,0,0,0,0,0,0,0,0,0,0,0,0,0,0,0,0,0,1028,1029,1163,890,1163,1163,1163,1163,1163,1163,1163,1163,1165,1162,890,1162,1162,1162,1163,1163,1163,1163,1163,1136,1214,1163,1163,1163,1163,1163,1057,0,0,0,0,0,0,0,0
0,0,0,0,0,0,0,0,0,0,0,0,0,0,0,0,0,0,0,0,0,0,0,0,0,0,0,0,0,0,0,0,0,0,0,0,0,0,0,0,0,0,0,0,0,0,0,0,0,0,0,0,0,0,0,0,0,0,0,0,0,0,0,0,0,0,0,0,0,0,0,0,0,0,0,0,0,0,0,0,0,1053,1163,1163,1163,1163,891,1163,1163,1163,1163,1163,1163,1165,1162,1162,1162,1162,1162,891,1163,1163,1163,1163,1165,1163,1163,1163,1163,891,1163,1057,0,0,0,0,0,0,0,0
0,0,0,0,0,0,0,0,0,0,0,0,0,0,0,0,0,0,0,0,0,0,0,0,0,0,0,0,0,0,0,0,0,0,0,0,0,0,0,0,0,0,0,0,0,0,0,0,0,0,0,0,0,0,0,0,0,0,0,0,0,0,0,0,0,0,0,0,0,0,0,0,0,0,0,0,0,0,0,0,0,1104,1079,1163,1163,1163,1163,1163,1163,1163,1163,1163,1163,1212,1114,1163,891,1163,1163,1163,1163,1163,891,1163,1165,1163,891,1163,1163,1163,1163,871,1135,0,0,0,0,0,0,0
0,0,0,0,0,0,0,0,0,0,0,0,0,0,0,0,0,0,0,0,0,0,0,0,0,0,0,0,0,0,0,0,0,0,0,0,0,0,0,0,0,0,0,0,0,0,0,0,0,0,0,0,0,0,0,0,0,0,0,0,0,0,0,0,0,0,0,0,0,0,0,0,0,0,0,0,0,0,0,0,0,0,1053,1163,1163,1163,1163,1163,1163,890,1163,1163,1163,1163,1212,1114,1163,1163,1163,1163,1163,1163,1163,1163,1165,1163,1163,1163,890,1163,1163,896,1160,0,0,0,0,0,0,0
0,0,0,0,0,0,0,0,0,0,0,0,0,0,0,0,0,0,0,0,0,0,0,0,0,0,0,0,0,0,0,0,0,0,0,0,0,0,0,0,0,0,0,0,0,0,0,0,0,0,0,0,0,0,0,0,0,0,0,0,0,0,0,0,0,0,0,0,0,0,0,0,0,0,0,0,0,0,0,0,0,0,1053,1163,1163,891,1163,1163,1163,1163,1163,1163,891,1163,1163,1212,1114,1163,1163,1163,1163,1163,1163,1163,1165,1163,1163,1163,1163,1081,896,1159,1160,0,0,0,0,0,0,0
0,0,0,0,0,0,0,0,0,0,0,0,0,0,0,0,0,0,0,0,0,1004,1005,1005,1005,1005,1006,0,0,0,0,0,0,0,0,0,0,0,0,0,0,0,0,0,0,0,0,0,0,0,0,0,0,0,0,0,0,0,0,0,0,0,0,0,0,0,0,0,0,0,0,0,0,0,0,0,0,0,0,0,0,0,1104,1079,1163,1163,1163,1163,890,1163,1163,1163,1163,1163,1163,1163,1212,1114,1163,1163,890,1163,1163,1189,919,919,919,919,919,920,1159,1159,1160,0,0,0,0,0,0,0
0,0,0,0,0,0,0,0,0,0,0,0,0,0,0,0,0,0,0,0,1004,1029,1163,1163,1163,1163,1031,1005,1005,1005,1006,0,0,0,0,0,0,0,0,0,0,0,0,0,0,0,0,0,0,0,0,0,0,0,0,0,0,0,0,0,0,0,0,0,0,0,0,0,0,0,0,0,0,0,0,0,0,0,0,0,0,0,0,1104,1079,1163,1163,1163,1163,1163,1163,1163,1163,1163,1163,1163,1163,1212,1114,1163,1163,1163,1189,896,1159,1159,1159,1159,1159,1159,1159,1159,1160,0,0,0,0,0,0,0
0,0,0,0,0,0,0,0,0,0,0,0,0,0,0,0,0,0,0,1004,1029,1163,890,1163,1163,1163,1163,1165,1163,1163,1031,1005,1005,1005,1005,1006,0,0,0,0,0,0,0,0,0,0,0,0,0,0,0,0,0,0,0,0,0,0,0,0,0,0,0,0,0,0,0,0,0,0,0,0,0,0,0,0,0,0,0,0,0,0,0,0,1104,1079,1163,1163,1163,1163,1163,1163,1163,1163,1163,1163,1163,1163,1161,1163,1163,1163,871,1159,1159,1159,1159,1159,1159,1159,1159,1184,1185,0,0,0,0,0,0,0
0,0,0,0,0,0,0,0,0,0,0,0,0,0,0,0,0,0,1004,1029,1163,1163,1163,1163,1163,891,1163,1165,1163,891,1163,1163,1163,1163,1163,1031,1032,0,0,0,0,0,0,0,0,0,0,0,0,0,0,0,0,0,0,0,0,0,0,0,0,0,0,0,0,0,0,0,0,0,0,0,0,0,0,0,0,0,0,0,0,0,0,0,0,1053,1163,1163,1163,1163,891,1163,1163,1163,890,1163,1163,1163,1161,891,1163,1163,871,1159,1159,1159,1159,1159,1184,1208,1208,1185,0,0,0,0,0,0,0,0
0,0,0,0,0,0,0,0,0,0,0,0,0,0,0,0,0,0,1053,1163,891,1163,1163,1163,1163,1163,1163,1165,1163,1163,1163,890,1163,1163,891,1163,1057,0,0,0,0,0,0,0,0,0,0,0,0,0,0,0,0,0,0,0,0,0,0,0,0,0,0,0,0,0,0,0,0,0,0,0,0,0,0,0,0,0,0,0,0,0,0,0,0,1104,1079,1163,1163,1163,1163,1163,1163,1163,1163,1163,1163,1163,1161,1163,1163,1189,896,1159,1159,1159,1159,1184,1209,0,0,0,0,0,0,0,0,0,0,0
0,0,0,0,0,0,0,0,0,0,0,0,0,0,0,0,0,1107,892,893,1163,1163,1163,890,1163,1163,1163,1139,1114,1163,1163,1163,1163,1163,1163,1163,1057,0,0,0,0,0,0,0,0,0,0,0,0,0,0,0,0,0,0,0,0,0,0,0,0,0,0,0,0,0,0,0,0,0,0,0,0,0,0,0,0,0,0,0,0,0,0,0,0,0,1104,1105,1079,1163,1163,1163,891,1163,1163,1163,891,1163,1161,1163,1189,896,1159,1159,1159,1159,1184,1209,0,0,0,0,0,0,0,0,0,0,0,0
0,0,0,0,0,0,0,0,0,0,0,0,0,0,0,0,1107,1132,1158,918,1079,1163,1163,1163,1163,1163,890,1163,1186,1114,1163,1163,1163,1163,890,1163,1057,0,0,0,0,0,0,0,0,0,0,0,0,0,0,0,0,0,0,0,0,0,0,0,0,0,0,0,0,0,0,0,0,0,0,0,0,0,0,0,0,0,0,0,0,0,0,0,0,0,0,0,1104,1105,1105,1105,1105,1105,1079,1163,1081,1105,1105,1105,920,1159,1159,1159,1159,1184,1209,0,0,0,0,0,0,0,0,0,0,0,0,0
0,0,0,0,0,0,0,0,0,0,0,0,0,0,0,0,1156,1133,1133,1133,918,1079,891,1163,1163,1163,1163,1163,1163,1186,1114,890,1163,1163,1163,1081,1106,0,0,0,0,0,0,0,0,0,0,0,0,0,0,0,0,0,0,0,0,0,0,0,0,0,0,0,0,0,0,0,0,0,0,0,0,0,0,0,0,0,0,0,0,0,0,0,0,0,0,0,0,0,0,0,0,0,1104,1218,1224,0,0,0,1207,1208,1208,1208,1208,1209,0,0,0,0,0,0,0,0,0,0,0,0,0,0
0,0,0,0,0,0,0,0,0,0,0,0,0,0,0,0,1207,1182,1133,1133,1133,918,1079,1163,1163,1163,890,1163,1163,1163,1165,1163,1163,1163,1081,1106,0,0,0,0,0,0,0,0,0,0,0,0,0,0,0,0,0,0,0,0,0,0,0,0,0,0,0,0,0,0,0,0,0,0,0,0,0,0,0,0,0,0,0,0,0,0,0,0,0,0,0,0,0,0,0,0,0,0,0,1061,1062,0,0,0,0,0,0,0,0,0,0,0,0,0,0,0,0,0,0,0,0,0,0,0
0,0,0,0,0,0,0,0,0,0,0,0,0,0,0,0,0,1207,1182,1133,1133,1133,918,1218,1197,1163,1163,1163,1163,1163,1165,1163,891,1081,1106,0,0,0,0,0,0,0,0,0,0,0,0,0,0,0,0,0,0,0,0,0,0,0,0,0,0,0,0,0,0,0,0,0,0,0,0,0,0,0,0,0,0,0,0,0,0,0,0,0,0,0,0,0,0,0,0,0,0,0,0,1086,1087,0,0,0,0,0,0,0,0,0,0,0,0,0,0,0,0,0,0,0,0,0,0,0
0,0,0,0,0,0,0,0,0,0,0,0,0,0,0,0,0,0,1207,1182,1133,1133,1133,1061,1222,1079,1055,1055,1055,1163,1165,1163,1189,1106,0,0,0,0,0,0,0,0,0,0,0,0,0,0,0,0,0,0,0,0,0,0,0,0,0,0,0,0,0,0,0,0,0,0,0,0,0,0,0,0,0,0,0,0,0,0,0,0,0,0,0,0,0,0,0,0,0,0,0,0,0,1061,1062,0,0,0,0,0,0,0,0,0,0,0,0,0,0,0,0,0,0,0,0,0,0,0
0,0,0,0,0,0,0,0,0,0,0,0,0,0,0,0,0,0,0,1207,1208,1208,1208,1086,1087,1104,1079,1055,1081,1105,1105,1105,1106,0,0,0,0,0,0,0,0,0,0,0,0,0,0,0,0,0,0,0,0,0,0,0,0,0,0,0,0,0,0,0,0,0,0,0,0,0,0,0,0,0,0,0,0,0,0,0,0,0,0,0,0,0,0,0,0,0,0,0,0,0,0,1086,1087,0,0,0,0,0,0,0,0,0,0,0,0,0,0,0,0,0,0,0,0,0,0,0
0,0,0,0,0,0,0,0,0,0,0,0,0,0,0,0,0,0,0,0,0,0,0,1061,1062,0,1104,1105,1106,0,0,0,0,0,0,0,0,0,0,0,0,0,0,0,0,0,0,0,0,0,0,0,0,0,0,0,0,0,0,0,0,0,0,0,0,0,0,0,0,0,0,0,0,0,0,0,0,0,0,0,0,0,0,0,0,0,0,0,0,0,0,0,0,0,0,1061,1062,0,0,0,0,0,0,0,0,0,0,0,0,0,0,0,0,0,0,0,0,0,0,0
0,0,0,0,0,0,0,0,0,0,0,0,0,0,0,0,0,0,0,0,0,0,0,1086,1087,0,0,0,0,0,0,0,0,0,0,0,0,0,0,0,0,0,0,0,0,0,0,0,0,0,0,0,0,0,0,0,0,0,0,0,0,0,0,0,0,0,0,0,0,0,0,0,0,0,0,0,0,0,0,0,0,0,0,0,0,0,0,0,0,0,0,0,0,0,0,1086,1087,0,0,0,0,0,0,0,0,0,0,0,0,0,0,0,0,0,0,0,0,0,0,0
0,0,0,0,0,0,0,0,0,0,0,0,0,0,0,0,0,0,0,0,0,0,0,1061,1062,0,0,0,0,0,0,0,0,0,0,0,0,0,0,0,0,0,0,0,0,0,0,0,0,0,0,0,0,0,0,0,0,0,0,0,0,0,0,0,0,0,0,0,0,0,0,0,0,0,0,0,0,0,0,0,0,0,0,0,0,0,0,0,0,0,0,0,0,0,0,1061,1062,0,0,0,0,0,0,0,0,0,0,0,0,0,0,0,0,0,0,0,0,0,0,0
0,0,0,0,0,0,0,0,0,0,0,0,0,0,0,0,0,0,0,0,0,0,0,1086,1087,0,0,0,0,0,0,0,0,0,0,0,0,0,0,0,0,0,0,0,0,0,0,0,0,0,0,0,0,0,0,0,0,0,0,0,0,0,0,0,0,0,0,0,0,0,0,0,0,0,0,0,0,0,0,0,0,0,0,0,0,0,0,0,0,0,0,0,0,0,0,1086,1087,0,0,0,0,0,0,0,0,0,0,0,0,0,0,0,0,0,0,0,0,0,0,0
0,0,0,0,0,0,0,0,0,0,0,0,0,0,0,0,0,0,0,0,0,0,0,1061,1062,0,0,0,0,0,0,0,0,0,0,0,0,0,0,0,0,0,0,0,0,0,0,0,0,0,0,0,0,0,0,0,0,0,0,0,0,0,0,0,0,0,0,0,0,0,0,0,0,0,0,0,0,0,0,0,0,0,0,0,0,0,0,0,0,0,0,0,0,0,0,1061,1062,0,0,0,0,0,0,0,0,0,0,0,0,0,0,0,0,0,0,0,0,0,0,0
0,0,0,0,0,0,0,0,0,0,0,0,0,0,0,0,0,0,0,0,0,0,0,1086,1087,0,0,0,0,0,0,0,0,0,0,0,0,0,0,0,0,0,0,0,0,0,0,0,0,0,0,0,0,0,0,0,0,0,0,0,0,0,0,0,0,0,0,0,0,0,0,0,0,0,0,0,0,0,0,0,0,0,0,0,0,0,0,0,0,0,0,0,0,0,0,1086,1087,0,0,0,0,0,0,0,0,0,0,0,0,0,0,0,0,0,0,0,0,0,0,0
0,0,0,0,0,0,0,0,0,0,0,0,0,0,0,0,0,0,0,0,0,0,0,1061,1062,0,0,0,0,0,0,0,0,0,0,0,0,0,0,0,0,0,0,0,0,0,0,0,0,0,0,0,0,0,0,0,0,0,0,0,0,0,0,0,0,0,0,0,0,0,0,0,0,0,0,0,0,0,0,0,0,0,0,0,0,0,0,0,0,0,0,0,0,0,0,1061,1062,0,0,0,0,0,0,0,0,0,0,0,0,0,0,0,0,0,0,0,0,0,0,0
0,0,0,0,0,0,0,0,0,0,0,0,0,0,0,0,0,0,0,0,0,0,0,1086,1087,0,0,0,0,0,0,0,0,0,0,0,0,0,0,0,0,0,0,0,0,0,0,0,0,0,0,0,0,0,0,0,0,0,0,0,0,0,0,0,0,0,0,0,0,0,0,0,0,0,0,0,0,0,0,0,0,0,0,0,0,0,0,0,0,0,0,0,0,0,0,1086,1087,0,0,0,0,0,0,0,0,0,0,0,0,0,0,0,0,0,0,0,0,0,0,0
0,0,0,0,0,0,0,0,0,0,0,0,0,0,0,0,0,0,0,0,0,0,0,1061,1062,0,0,0,0,0,0,0,0,0,0,0,0,0,0,0,0,0,0,0,0,0,0,0,0,0,0,0,0,0,0,0,0,0,0,0,0,0,0,0,0,0,0,0,0,0,0,0,0,0,0,0,0,0,0,0,0,0,0,0,0,0,0,0,0,0,0,0,0,0,0,1061,1062,0,0,0,0,0,0,0,0,0,0,0,0,0,0,0,0,0,0,0,0,0,0,0
0,0,0,0,0,0,0,0,0,0,0,0,0,0,0,0,0,0,0,0,0,0,0,1086,1087,0,0,0,0,0,0,0,0,0,0,0,0,0,0,0,0,0,0,0,0,0,0,0,0,0,0,0,0,0,0,0,0,0,0,0,0,0,0,0,0,0,0,0,0,0,0,0,0,0,0,0,0,0,0,0,0,0,0,0,0,0,0,0,0,0,0,0,0,0,0,1086,1087,0,0,0,0,0,0,0,0,0,0,0,0,0,0,0,0,0,0,0,0,0,0,0
0,0,0,0,0,0,0,0,0,0,0,0,0,0,0,0,0,0,0,0,0,0,0,1061,1062,0,0,0,0,0,0,0,0,0,0,0,0,0,0,0,0,0,0,0,0,0,0,0,0,0,0,0,0,0,0,0,0,0,0,0,0,0,0,0,0,0,0,0,0,0,0,0,0,0,0,0,0,0,0,0,0,0,0,0,0,0,0,0,0,0,0,0,0,0,0,1061,1062,0,0,0,0,0,0,0,0,0,0,0,0,0,0,0,0,0,0,0,0,0,0,0
0,0,0,0,0,0,0,0,0,0,0,0,0,0,0,0,0,0,0,0,0,0,0,1086,1087,0,0,0,0,0,0,0,0,0,629,630,631,0,0,0,0,0,0,0,0,0,0,0,0,0,0,0,0,0,0,0,0,0,0,0,0,0,0,0,0,0,0,0,0,0,0,0,0,0,0,0,0,0,0,0,0,0,0,0,0,0,0,0,0,0,0,0,0,0,0,1086,1087,0,0,0,0,0,0,0,0,0,0,0,0,0,0,0,0,0,0,0,0,0,0,0
0,0,0,0,0,0,0,0,0,0,0,0,0,0,0,0,0,0,0,0,0,0,0,1061,1062,0,0,0,0,0,0,0,0,0,678,679,656,630,630,630,630,630,630,630,630,631,0,0,0,0,0,0,0,0,0,0,0,0,0,0,0,0,0,0,0,0,0,0,0,0,0,0,0,0,0,0,0,0,0,0,0,0,0,0,0,0,0,0,0,0,0,0,0,0,0,1061,1062,0,0,0,0,0,0,0,0,0,0,0,0,0,0,0,0,0,0,0,0,0,0,0
0,0,0,0,0,0,0,0,0,0,0,0,0,0,0,0,0,0,0,0,0,0,0,1086,1087,0,0,0,0,0,0,0,0,0,703,679,681,681,681,681,681,681,681,681,681,707,0,0,0,0,0,0,0,0,0,0,0,0,0,0,0,0,0,0,0,0,0,0,0,0,0,0,0,0,0,0,0,0,0,0,0,0,0,0,0,0,0,0,0,0,0,0,0,0,0,1086,1087,0,0,0,0,0,0,0,0,0,0,0,0,0,0,0,0,0,0,0,0,0,0,0
0,0,0,0,0,0,0,0,0,0,0,0,0,0,0,0,0,0,0,0,0,0,0,1061,1062,0,0,0,0,0,0,0,0,0,0,703,730,730,730,730,730,730,730,730,707,0,0,0,0,0,0,0,0,0,0,0,0,0,0,0,0,0,0,0,0,0,0,0,0,0,0,0,0,0,0,0,0,0,0,0,0,0,0,0,0,0,0,0,0,0,0,0,0,0,0,1061,1062,0,0,0,0,0,0,0,0,0,0,0,0,0,0,0,0,0,0,0,0,0,0,0
0,0,0,0,0,0,0,0,0,0,0,0,0,0,0,0,0,0,0,0,0,0,0,1086,1087,0,0,0,0,0,0,0,0,0,0,0,0,0,0,0,0,0,0,0,0,0,0,0,0,0,0,0,0,0,0,0,0,0,0,0,0,0,0,0,0,0,0,0,0,0,0,0,0,0,0,0,0,0,0,0,0,0,0,0,0,0,0,0,0,0,0,0,0,0,0,1086,1087,0,0,0,0,0,0,0,0,0,0,0,0,0,0,0,0,0,0,0,0,0,0,0
0,0,0,0,0,0,0,0,0,0,0,0,0,0,0,0,0,0,0,0,0,0,0,1061,1062,0,0,0,0,0,0,0,0,0,0,0,0,0,0,0,0,0,0,0,0,0,0,0,0,0,0,0,0,0,0,0,0,0,0,0,0,0,0,0,0,0,0,0,0,0,0,0,0,0,0,0,0,0,0,0,0,0,0,0,0,0,0,0,0,0,0,0,0,0,0,1061,1062,0,0,0,0,0,0,0,0,0,0,0,0,0,0,0,0,0,0,0,0,0,0,0
0,0,0,0,0,0,0,0,0,0,0,0,0,0,0,0,0,0,0,0,0,0,0,1086,1087,0,0,0,0,0,0,0,0,0,0,0,0,0,0,0,0,0,0,0,0,0,0,0,0,0,0,0,0,0,0,0,0,0,0,0,0,0,0,0,0,0,0,0,0,0,0,0,0,0,0,0,0,0,0,0,0,0,0,0,0,0,0,0,0,0,1058,1060,1060,1060,1060,1086,1087,0,0,0,0,0,0,0,0,0,0,0,0,0,0,0,0,0,0,0,0,0,0,0
0,0,0,0,0,0,0,0,0,0,0,0,0,0,0,0,0,0,0,0,0,0,0,1061,1062,0,0,0,0,0,0,0,0,0,0,0,0,0,0,0,0,0,0,0,0,0,0,0,0,0,0,0,0,0,0,0,0,0,0,0,0,0,0,0,0,0,0,0,0,0,0,0,0,0,0,0,0,0,0,0,0,0,0,0,0,0,0,0,0,0,0,0,0,0,0,1061,1062,0,0,0,0,0,0,0,0,0,0,0,0,0,0,0,0,0,0,0,0,0,0,0
0,0,0,0,0,0,0,0,0,0,0,0,0,0,0,0,0,0,0,0,0,0,0,1086,1087,0,0,0,0,0,0,0,0,0,0,0,0,0,0,0,0,0,0,0,0,0,0,0,0,0,0,0,0,0,0,0,0,0,0,0,0,0,0,0,0,0,0,0,0,0,0,0,0,0,0,0,0,0,0,0,0,0,0,0,0,0,0,0,0,0,0,0,0,0,0,1086,1087,0,0,0,0,0,0,0,0,0,0,0,0,0,0,0,0,0,0,0,0,0,0,0
0,0,0,0,0,0,0,0,0,0,0,0,0,0,0,0,0,0,0,0,0,0,0,1061,1062,0,0,0,0,0,0,0,0,0,0,0,0,0,0,0,0,0,0,0,0,0,0,0,0,0,0,0,0,0,0,0,0,0,0,0,0,0,0,0,0,0,0,0,0,0,0,0,0,0,0,0,0,0,0,0,0,0,0,0,0,0,0,0,0,0,0,0,0,0,0,1061,1062,0,0,0,0,0,0,0,0,0,0,0,0,0,0,0,0,0,0,0,0,0,0,0
0,0,0,0,0,0,0,0,0,0,0,0,0,0,0,0,0,0,0,0,0,0,0,1086,1087,0,0,0,0,0,0,0,0,0,0,0,0,0,0,0,0,0,0,0,0,0,0,0,0,0,0,0,0,0,0,0,0,0,0,0,0,0,0,0,0,0,0,0,0,0,0,0,0,0,0,0,0,0,0,0,0,0,0,0,0,0,0,0,0,0,0,0,0,0,0,1086,1087,0,0,0,0,0,0,0,0,0,0,0,0,0,0,0,0,0,0,0,0,0,0,0
0,0,0,0,0,0,0,0,0,0,0,0,0,0,0,0,0,0,0,0,0,0,0,1061,1062,0,0,0,0,0,0,0,0,0,0,0,0,0,0,0,0,0,0,0,0,0,0,0,0,0,653,630,630,630,630,630,630,630,630,630,630,630,630,630,630,657,0,0,0,0,0,0,0,0,0,0,0,0,0,0,0,0,0,0,0,0,0,0,0,0,0,0,0,0,0,1061,1062,0,0,0,0,0,0,0,0,0,0,0,0,0,0,0,0,0,0,0,0,0,0,0
0,0,0,0,0,0,0,0,0,0,0,0,0,0,0,0,0,0,0,0,0,0,0,1086,1087,0,0,0,0,0,0,0,0,0,0,0,0,0,0,0,0,0,0,0,0,0,0,0,0,0,703,730,730,730,730,730,730,730,730,730,730,730,730,730,730,707,0,0,0,0,0,0,0,0,0,0,0,0,0,0,0,0,0,0,0,0,0,0,0,0,0,0,0,0,0,1086,1087,0,0,0,0,0,0,0,0,0,0,0,0,0,0,0,0,0,0,0,0,0,0,0
0,0,0,0,0,0,0,0,0,0,0,0,0,0,0,0,0,0,0,0,0,0,0,1061,1062,0,0,0,0,0,0,0,0,0,0,0,0,0,0,0,0,0,0,0,0,0,0,0,0,0,0,0,0,0,0,0,0,0,0,0,0,0,0,0,0,0,0,0,0,0,0,0,0,0,0,0,0,0,0,0,0,0,0,0,0,0,0,0,0,0,0,0,0,0,0,1061,1062,0,0,0,0,0,0,0,0,0,0,0,0,0,0,0,0,0,0,0,0,0,0,0
0,0,0,0,0,0,0,0,0,0,0,0,0,0,0,0,0,0,0,0,0,0,0,1086,1087,0,0,0,0,0,0,0,0,0,0,0,0,0,0,0,0,0,0,0,0,0,0,0,0,0,0,0,0,0,0,0,0,0,0,0,0,0,0,0,0,0,0,0,0,0,0,0,0,0,0,0,0,0,0,0,0,0,0,0,0,0,0,0,0,0,0,0,0,0,0,1086,1087,0,0,0,0,0,0,0,0,0,0,0,0,0,0,0,0,0,0,0,0,0,0,0
0,0,0,0,0,0,0,0,0,0,0,0,0,0,0,0,0,0,0,0,0,0,0,1061,1062,0,0,0,0,0,0,0,0,0,0,0,0,0,0,0,0,0,0,0,0,0,0,0,0,0,0,0,0,0,0,0,0,0,0,0,0,0,0,0,0,0,0,0,0,0,0,0,0,0,0,0,0,0,0,0,0,0,0,0,0,0,0,0,0,0,0,0,0,0,0,1061,1062,0,0,0,0,0,0,0,0,0,0,0,0,0,0,0,0,0,0,0,0,0,0,0
0,0,0,0,0,0,0,0,0,0,0,0,0,0,0,0,0,0,0,0,0,0,0,1086,1087,0,0,0,0,0,0,0,0,0,0,0,0,0,0,0,0,0,0,0,0,0,0,0,0,0,0,0,0,0,0,0,0,0,0,0,0,0,0,0,0,0,0,0,0,0,0,0,0,0,0,0,0,0,0,0,0,0,0,0,0,0,0,0,0,0,0,0,0,0,0,1086,1087,0,0,0,0,0,0,0,0,0,0,0,0,0,0,0,0,0,0,0,0,0,0,0
0,0,0,0,0,0,0,0,0,0,0,0,0,0,0,0,0,0,0,0,0,0,0,1061,1062,0,0,0,0,0,0,0,0,0,0,0,0,0,0,0,0,0,0,0,0,0,0,0,0,0,0,0,0,0,0,0,0,0,0,0,0,0,0,0,0,0,0,0,0,0,0,0,0,0,0,0,0,0,0,0,0,0,0,0,0,0,0,0,0,0,0,0,0,0,0,1061,1062,0,0,0,0,0,0,0,0,0,0,0,0,0,0,0,0,0,0,0,0,0,0,0
0,0,0,0,0,0,0,0,0,0,0,0,0,0,0,0,0,0,0,0,0,0,0,1086,1087,0,0,0,0,0,0,0,0,0,0,0,0,0,0,0,0,0,0,0,0,0,0,0,0,0,0,0,0,0,0,0,0,0,0,0,0,0,0,0,0,0,0,0,0,0,0,0,0,0,0,0,0,0,0,0,0,0,0,0,0,0,0,0,0,0,0,0,0,0,0,1086,1087,0,0,0,0,0,0,0,0,0,0,0,0,0,0,0,0,0,0,0,0,0,0,0
0,0,0,0,643,644,0,0,0,0,0,0,0,0,0,0,0,0,0,0,0,0,0,1061,1062,0,0,0,0,0,0,0,0,0,0,0,0,0,0,0,0,0,0,0,0,0,0,0,0,0,0,0,0,0,0,0,0,0,0,0,0,0,0,0,0,0,0,0,0,0,0,0,0,0,0,0,0,0,0,0,0,0,0,0,0,0,0,0,0,0,0,0,0,0,0,1061,1062,0,0,0,0,0,0,0,0,0,0,0,0,0,0,0,0,0,0,0,0,0,0,0
0,640,0,0,668,669,642,0,0,640,0,642,0,0,640,642,0,665,666,667,691,692,641,1086,1087,0,0,0,0,0,0,0,0,0,0,0,0,0,0,0,0,0,0,0,0,0,0,0,0,0,0,0,0,0,0,0,0,0,0,0,0,0,0,0,0,0,0,0,0,0,0,0,0,0,0,0,0,0,629,630,630,630,630,631,0,0,0,0,0,0,0,0,0,0,0,1086,1087,0,0,0,0,0,0,0,0,0,0,0,0,0,0,0,0,0,0,0,0,0,0,0
630,630,630,630,630,630,630,630,630,630,630,630,630,630,630,630,630,630,630,630,630,630,630,630,630,630,630,630,630,630,630,630,630,630,630,630,630,630,630,630,630,630,630,630,630,630,630,630,630,630,630,630,630,630,631,0,0,0,0,0,629,630,630,630,630,630,630,630,630,630,630,630,630,630,630,630,630,630,654,655,655,655,655,656,630,630,630,630,630,630,630,630,630,630,630,630,630,630,630,630,630,630,630,630,630,630,630,630,630,630,630,630,630,630,630,630,630,630,630,630
679,679,679,679,679,679,679,679,679,679,679,679,679,679,679,679,679,679,679,679,679,679,679,679,679,679,679,679,679,679,679,679,679,679,679,679,679,679,679,679,679,679,679,679,679,679,679,679,679,681,655,655,655,655,682,0,0,0,0,0,678,679,679,679,679,679,679,679,679,679,679,679,679,679,679,679,679,679,679,679,679,679,679,679,679,679,679,679,679,679,679,679,679,679,679,679,679,679,679,679,679,679,679,679,679,679,679,679,679,679,679,679,679,679,679,679,679,679,679,679
705,705,705,705,705,705,705,705,705,705,705,705,705,705,705,705,705,705,705,705,705,705,705,705,705,705,705,705,705,705,705,705,705,705,705,705,705,705,705,705,705,705,705,705,705,705,705,705,705,705,705,705,679,679,682,0,0,0,0,0,678,679,679,679,679,679,679,679,679,679,679,679,679,679,679,679,679,679,679,679,679,679,679,679,679,679,679,679,679,679,679,679,679,679,679,679,679,679,679,679,679,679,679,679,679,679,679,679,679,679,679,679,679,679,679,679,679,679,679,679
705,705,705,705,705,705,705,705,705,705,705,705,705,705,705,705,705,705,705,705,705,705,705,705,705,705,705,679,679,679,679,679,679,679,679,679,679,679,679,679,679,679,679,679,679,679,679,679,679,679,679,679,679,679,682,0,0,0,0,0,678,679,679,679,679,679,679,679,679,679,679,679,679,679,679,679,679,679,679,679,679,679,679,679,679,679,679,679,679,679,679,679,679,679,679,679,679,679,679,679,679,679,679,679,679,679,679,679,679,679,679,679,679,679,679,679,679,679,679,679
679,679,679,679,679,679,679,679,679,679,679,679,679,679,679,679,679,679,679,679,679,679,679,679,705,679,679,679,679,679,679,679,679,679,679,679,679,679,679,679,679,705,705,705,705,705,705,705,705,679,679,679,679,679,731,0,0,0,0,0,729,679,679,679,679,679,679,679,679,679,679,679,679,679,679,679,679,679,679,679,679,679,679,679,679,679,679,679,679,679,679,679,679,679,679,679,679,679,679,679,679,679,679,679,679,679,679,705,679,679,679,679,679,679,679,679,679,679,679,679
705,705,705,705,705,705,705,705,705,705,705,705,705,705,705,705,705,705,705,705,705,705,705,705,705,955,955,955,955,955,955,955,955,955,955,955,955,955,955,730,730,730,730,730,730,730,730,730,730,730,730,730,730,731,0,0,0,0,0,0,0,729,730,730,730,730,730,730,730,730,730,730,730,730,730,730,730,730,730,730,730,730,730,730,730,730,730,955,955,955,955,955,955,955,955,955,955,705,705,705,705,705,705,705,705,705,705,705,705,705,705,705,705,705,705,705,705,705,705,705
991,991,991,991,991,991,991,991,991,991,991,991,991,991,991,991,991,991,991,991,991,991,991,991,1015,1015,1015,1015,1015,1015,1015,1015,1015,1015,1015,1015,1015,1015,1041,0,0,0,0,0,0,0,0,0,0,0,0,0,0,0,0,0,0,0,0,0,0,0,0,0,0,0,0,0,0,0,0,0,0,0,0,0,0,0,0,0,0,0,0,0,0,0,0,1039,1015,1015,1015,1015,1015,1015,1015,1015,1015,1015,1015,1015,1015,1015,1015,1015,1015,1015,1015,1015,1015,1015,1015,1015,1015,1015,1015,1015,1015,1015,1015,1015
991,968,945,945,945,945,946,991,991,991,991,991,991,991,991,991,991,991,991,991,991,991,991,991,1015,1015,1015,1015,1015,1015,1015,1015,1015,1015,1015,1015,1040,1041,0,0,0,0,0,0,0,0,0,0,0,0,0,0,0,0,0,0,0,0,0,0,0,0,0,0,0,0,0,0,0,0,0,0,0,0,0,0,0,0,0,0,0,0,0,0,0,0,0,0,1039,1040,1015,1015,1015,1015,1015,1015,1015,1015,1015,1015,1015,1015,1015,1015,1015,1015,1015,1015,1015,1015,1015,1015,1015,1015,1015,1015,1015,1015,1015,1015
991,993,805,805,805,805,971,946,991,991,991,991,991,991,991,991,991,991,991,991,991,991,991,991,1015,1015,1015,1015,1015,1015,1015,1015,1015,1015,1015,1041,0,0,0,0,0,0,0,0,0,0,0,0,0,0,0,0,0,0,0,0,0,0,0,0,0,0,0,0,0,0,0,0,0,0,0,0,0,0,0,0,0,0,0,0,0,0,0,0,0,0,0,0,0,0,1039,1040,1040,1015,1015,1015,1015,1015,1015,1015,1015,1015,1015,1015,1015,1015,1015,1015,1015,1015,1015,1015,1015,1015,1015,1015,1015,1015,1015,1015
991,993,805,805,805,805,805,971,997,991,991,991,991,991,991,991,991,991,991,991,991,991,991,991,1015,1015,1015,1015,1015,1015,1040,1040,1040,1040,1041,0,0,0,0,0,0,0,0,0,0,0,0,0,0,0,0,0,0,0,0,0,0,0,0,0,0,0,0,0,0,0,0,0,0,0,0,0,0,0,0,0,0,0,0,0,0,0,0,0,0,0,0,0,0,0,0,0,0,1039,1015,1015,1015,1015,1015,1015,1015,1015,1015,1015,1015,1015,1015,1015,1015,1015,1015,1015,1015,1015,1015,1015,1015,1015,1015,1015
991,993,805,805,805,805,805,805,997,991,991,991,991,991,991,991,991,991,991,991,991,991,991,991,1015,1015,1040,1040,1040,1041,0,0,0,0,0,0,0,0,0,0,0,0,0,0,0,0,0,0,0,0,0,0,0,0,0,0,0,0,0,0,0,0,0,0,0,0,0,0,0,0,0,0,0,0,0,0,0,0,0,0,0,0,0,0,0,0,0,0,0,0,0,0,0,0,1039,1015,1015,1015,1015,1015,1015,1015,1015,1015,1015,1015,1015,1015,1015,1015,1015,1015,1015,1015,1015,1015,1015,1015,1015,1015
991,1018,994,805,805,805,805,805,997,991,991,991,991,991,991,991,991,991,991,991,991,991,991,991,1015,1041,0,0,0,0,0,0,0,0,0,0,0,0,0,0,0,0,0,0,0,0,0,0,0,0,0,0,0,0,0,0,0,0,0,0,0,0,0,0,0,0,0,0,0,0,0,0,0,0,0,0,0,0,0,0,0,0,0,0,0,0,0,0,0,0,0,0,0,0,0,988,1015,1015,1015,1015,1015,1015,1015,1015,1015,1015,1015,1015,1015,1015,1015,1015,1015,1015,1015,1015,1015,1015,1015,1015
991,991,1018,994,994,805,805,805,997,991,991,991,991,991,991,991,991,991,991,991,991,991,991,991,992,0,0,0,0,0,0,0,0,0,0,0,0,0,0,0,0,0,0,0,0,0,0,0,0,0,0,0,0,0,0,0,0,0,0,0,0,0,0,0,0,0,0,0,0,0,0,0,0,0,0,0,0,0,0,0,0,0,0,0,0,0,0,0,0,0,0,0,0,0,0,988,1015,1015,1015,1015,1015,1015,1015,1015,1015,1015,1015,1015,1015,1015,1015,1015,1015,1015,1015,1015,1015,1015,1015,1015
991,991,991,1018,1020,805,805,805,997,991,991,991,991,991,991,991,991,991,991,991,991,991,991,991,992,0,0,0,0,0,0,0,0,0,0,0,0,0,0,0,0,0,0,0,0,0,0,0,0,0,0,0,0,0,0,0,0,0,0,0,0,0,0,0,0,0,0,0,0,0,0,0,0,0,0,0,0,0,0,0,0,0,0,0,0,0,0,0,0,0,0,0,0,0,0,988,1015,1015,1015,1015,1015,1015,1015,1015,1015,1015,1015,1015,1015,1015,1015,1015,1015,1015,1015,1015,1015,1015,1015,1015
991,991,991,993,1020,805,805,805,1046,991,991,991,991,991,991,991,991,991,991,991,991,991,991,991,992,0,0,0,0,0,0,0,0,0,0,0,0,0,0,0,0,0,0,0,0,0,0,0,0,0,0,0,0,0,0,0,0,0,0,0,0,0,0,0,0,0,0,0,0,0,0,0,0,0,0,0,0,0,0,0,0,0,0,0,0,0,0,0,0,0,0,0,0,0,0,988,1015,1015,1015,1015,1015,1015,1015,1015,1015,1015,1015,1015,1015,1015,1015,1015,1015,1015,1015,1015,1015,1015,1015,1015
991,991,991,1044,1045,1045,1045,1046,991,991,991,991,991,991,991,991,991,991,991,991,991,991,991,991,992,0,0,0,0,0,0,0,0,0,0,0,0,0,0,0,0,0,0,0,0,0,0,0,0,0,0,0,0,0,0,0,28,5,5,5,32,0,0,0,0,0,0,0,0,0,0,0,0,0,0,0,0,0,0,0,0,0,0,0,0,0,0,0,0,0,0,0,0,0,0,988,1015,1015,1015,1015,1015,1015,1015,1015,1015,1015,1015,1015,1015,1015,1015,1015,1015,1015,1015,1015,1015,1015,1015,1015
991,991,991,991,991,991,991,991,991,991,991,991,991,991,991,991,991,991,991,991,991,991,991,991,992,0,0,0,0,0,0,0,0,0,0,0,0,0,0,0,0,0,0,0,0,0,0,0,0,0,0,0,0,0,0,0,53,128,27,130,57,0,0,0,0,0,0,0,0,0,0,0,0,0,0,0,0,0,0,0,0,0,0,0,0,0,0,0,0,0,0,0,0,0,0,988,1015,1015,1015,1015,1015,1015,1015,1015,1015,1015,1015,1015,1015,1015,1015,1015,1015,1015,1015,1015,1015,1015,1015,1015
991,991,991,991,991,991,991,991,991,991,991,991,991,991,991,991,991,991,991,991,991,991,991,991,992,0,0,0,0,0,0,0,0,0,0,0,0,0,0,0,0,0,0,0,0,0,0,0,0,0,0,0,0,0,0,0,53,188,52,192,57,0,0,0,0,0,0,0,0,0,0,0,0,0,0,0,0,0,0,0,0,0,0,0,0,0,0,0,0,0,0,0,0,0,0,988,1015,1015,1015,1015,1015,1015,1015,1015,1015,1015,1015,1015,1015,1015,1015,1015,1015,1015,1015,1015,1015,1015,1015,1015
991,991,991,991,991,991,991,991,991,991,991,991,991,991,991,991,991,991,991,991,991,991,991,991,992,0,0,0,0,0,0,0,0,0,0,0,0,0,0,0,0,0,0,0,0,0,0,0,0,0,0,0,0,0,0,0,53,189,77,192,57,0,0,0,0,0,0,0,0,0,0,0,0,0,0,0,0,0,0,0,0,0,0,0,0,0,0,0,0,0,0,0,0,0,0,988,1015,1015,1015,1015,1015,1015,1015,1015,1015,1015,1015,1015,1015,1015,1015,1015,1015,1015,1015,1015,1015,1015,1015,1015
991,991,991,991,991,991,991,991,991,991,991,991,991,991,991,991,991,991,991,991,991,991,991,991,992,0,0,0,0,0,0,0,0,0,0,0,0,0,0,0,0,0,0,0,0,0,0,0,0,0,0,0,0,0,0,0,53,188,77,191,57,0,0,0,0,0,0,0,0,0,0,0,0,0,0,0,0,0,0,0,0,0,0,0,0,0,0,0,0,0,0,0,0,0,0,988,1015,1015,1015,1015,1015,1015,1015,1015,1015,1015,1015,1015,1015,1015,1015,1015,1015,1015,1015,1015,1015,1015,1015,1015
991,991,991,991,991,991,991,991,991,991,991,991,991,991,991,991,991,991,991,991,991,991,991,991,992,0,0,0,0,0,0,0,0,0,0,0,0,0,0,0,0,0,0,0,0,0,0,0,0,0,0,0,0,0,0,0,53,188,102,192,57,0,0,0,0,0,0,0,0,0,0,0,0,0,0,0,0,0,0,0,0,0,0,0,0,0,0,0,0,0,0,0,0,0,0,988,1015,1015,1015,1015,1015,1015,1015,1015,1015,1015,1015,1015,1015,1015,1015,1015,1015,1015,1015,1015,1015,1015,1015,1015
991,991,991,991,991,991,991,991,991,991,991,991,991,991,991,991,991,991,991,991,991,991,991,991,992,0,0,0,0,0,0,0,0,0,0,0,0,0,0,0,0,0,0,0,0,0,0,0,0,0,0,0,0,0,0,0,53,188,2,192,31,5,5,5,32,0,0,0,0,0,0,0,0,0,0,0,0,0,0,0,0,0,0,0,0,0,0,0,0,0,0,0,0,0,0,988,1015,1015,1015,1015,1015,1015,1015,1015,1015,1015,1015,1015,1015,1015,1015,1015,1015,1015,1015,1015,1015,1015,1015,1015
991,991,991,991,991,991,991,991,991,991,991,991,991,991,991,991,991,991,991,991,991,991,991,991,992,0,0,0,0,0,0,0,0,0,0,0,0,0,0,0,0,0,0,0,0,0,0,0,0,0,0,0,0,0,0,0,53,191,2,165,55,128,27,130,57,0,0,0,0,0,0,0,0,0,0,0,0,0,0,0,0,0,0,0,0,0,0,0,0,0,0,0,0,0,0,988,1015,1015,1015,1015,1015,1015,1015,1015,1015,1015,1015,1015,1015,1015,1015,1015,1015,1015,1015,1015,1015,1015,1015,1015
991,991,991,991,991,991,991,991,991,991,991,991,991,991,991,991,991,991,991,991,991,991,991,991,992,0,0,0,0,0,0,0,0,0,0,0,0,0,0,0,0,0,0,0,0,0,0,0,0,0,0,0,0,0,0,0,53,188,2,55,55,190,52,192,57,0,0,0,0,0,0,0,0,0,0,0,0,0,0,0,0,0,0,0,0,0,0,0,0,0,0,0,0,0,0,988,1015,1015,1015,1015,1015,1015,1015,1015,1015,1015,1015,1015,1015,1015,1015,1015,1015,1015,1015,1015,1015,1015,1015,1015
991,991,991,991,991,991,991,991,991,991,991,991,991,991,991,991,991,991,991,991,991,991,991,991,992,0,0,0,0,0,0,0,0,0,0,0,0,0,0,0,0,0,0,0,0,0,0,0,0,0,0,0,0,0,0,0,53,188,2,55,189,190,77,192,57,0,0,0,0,0,0,0,0,0,0,0,0,0,0,0,0,0,0,0,0,0,0,0,0,0,0,0,0,0,0,988,1015,1015,1015,1015,1015,1015,1015,1015,1015,1015,1015,1015,1015,1015,1015,1015,1015,1015,1015,1015,1015,1015,1015,1015
991,991,991,991,991,991,991,991,991,991,991,991,991,991,991,991,991,991,991,991,991,991,991,991,992,0,0,0,0,0,0,0,0,0,0,0,0,0,0,0,0,0,0,0,0,0,0,0,0,0,0,0,0,0,0,0,53,240,2,190,190,190,102,240,57,0,0,0,0,0,0,0,0,0,0,0,0,0,0,0,0,0,0,0,0,0,0,0,0,0,0,0,0,0,0,988,1015,1015,1015,1015,1015,1015,1015,1015,1015,1015,1015,1015,1015,1015,1015,1015,1015,1015,1015,1015,1015,1015,1015,1015
991,991,991,991,991,991,991,991,991,991,991,991,991,991,991,991,991,991,991,991,991,991,991,991,992,0,0,0,0,0,0,0,0,0,0,0,0,0,0,0,0,0,0,0,0,0,0,0,0,0,0,0,0,0,0,0,53,240,2,190,190,191,2,240,57,0,0,0,0,0,0,0,0,0,0,0,0,0,0,0,0,0,0,0,0,0,0,0,0,0,0,0,0,0,0,988,1015,1015,1015,1015,1015,1015,1015,1015,1015,1015,1015,1015,1015,1015,1015,1015,1015,1015,1015,1015,1015,1015,1015,1015
991,991,991,991,991,991,991,991,991,991,991,991,991,991,991,991,991,991,991,991,991,991,991,991,991,5,5,5,5,5,5,5,5,5,5,5,5,5,5,5,5,5,5,5,5,5,5,5,5,5,5,5,5,5,5,5,5,5,5,5,5,5,5,5,5,5,5,5,5,5,5,5,5,5,5,5,5,5,5,5,5,5,5,5,5,5,5,5,5,5,5,5,5,5,5,1015,1015,1015,1015,1015,1015,1015,1015,1015,1015,1015,1015,1015,1015,1015,1015,1015,1015,1015,1015,1015,1015,1015,1015,1015
991,991,991,991,991,991,991,991,991,991,991,991,991,991,991,991,991,991,991,991,991,991,991,1015,1015,965,965,965,965,1015,1015,1015,1015,1015,1015,1015,1015,1015,1015,1015,1015,1015,1015,1015,1015,1015,1015,1015,1015,1015,1015,1015,1015,1015,1015,1015,1015,1015,1015,1015,1015,1015,1015,1015,1015,1015,1015,1015,1015,1015,1015,1015,1015,1015,1015,1015,1015,1015,1015,1015,1015,1015,1015,1015,1015,1015,1015,1015,1015,1015,1015,1015,1015,1015,1015,1014,1015,1015,1015,1015,1015,1015,1015,1015,1015,1015,1015,1015,1015,1015,1015,1015,1015,1015,1015,1015,1015,1015,1015,1015
991,991,991,991,991,991,991,991,991,991,991,991,991,991,991,991,991,991,991,991,991,991,991,991,991,1015,965,965,965,965,965,965,965,965,965,965,965,965,965,965,965,1015,1015,1015,1015,1015,1015,1015,1015,1015,1015,1015,1015,1015,1015,1015,1015,1015,1015,1015,1015,1015,1015,1015,1015,1015,1015,1015,1015,1015,1015,1015,1015,1015,1015,1015,1015,1015,1015,1015,1015,1015,1015,1015,1015,1015,1015,1015,1015,1015,1015,1015,1015,1015,1015,1015,1015,1015,1015,1015,1015,1015,1015,1015,1015,1015,1015,1015,1015,1015,1015,1015,1015,1015,1015,1015,1015,1015,1015,1015
991,991,991,991,991,991,991,991,991,991,991,991,991,991,991,991,991,991,991,991,991,991,991,991,991,1015,965,965,965,965,965,965,965,965,965,965,965,965,965,965,1015,1015,1015,1015,1015,1015,1015,1015,1015,1015,1015,1015,1015,1015,1015,1015,1015,1015,1015,1015,1015,1015,1015,1015,1015,1015,1015,1015,1015,1015,1015,1015,1015,1015,1015,1015,1015,1015,1015,1015,1015,1015,1015,1015,1015,1015,1015,1015,1015,1015,1015,1015,1015,1015,1015,1015,1015,1015,1015,1015,1015,1015,1015,1015,1015,1015,1015,1015,1015,1015,1015,1015,1015,1015,1015,1015,1015,1015,1015,1015
991,991,991,991,991,991,991,991,991,991,991,991,991,991,991,991,991,991,991,991,991,991,991,991,991,1015,965,965,965,965,965,965,965,965,965,965,965,965,965,965,1015,1015,1015,1015,1015,1015,1015,1015,1015,1015,1015,1015,1015,1015,1015,1015,1015,1015,1015,1015,1015,1015,1015,1015,1015,1015,1015,1015,1015,1015,1015,1015,1015,1015,1015,1015,1015,1015,1015,1015,1015,1015,1015,1015,1015,1015,1015,1015,1015,1015,1015,1015,1015,1015,1015,1015,1015,1015,1015,1015,1015,1015,1015,1015,1015,1015,1015,1015,1015,1015,1015,1015,1015,1015,1015,1015,1015,1015,1015,1015
991,991,991,991,991,991,991,991,991,991,991,991,991,991,991,991,991,991,991,991,991,991,991,991,991,1015,965,965,965,965,965,965,965,965,965,965,965,965,965,965,1015,1015,1015,1015,1015,1015,1015,1015,1015,1015,1015,1015,1015,1015,1015,1015,1015,1015,1015,1015,1015,1015,1015,1015,1015,1015,1015,1015,1015,1015,1015,1015,1015,1015,1015,1015,1015,1015,1015,1015,1015,1015,1015,1015,1015,1015,1015,1015,1015,1015,1015,1015,1015,1015,1015,1015,1015,1015,1015,1015,1015,1015,1015,1015,1015,1015,1015,1015,1015,1015,1015,1015,1015,1015,1015,1015,1015,1015,1015,1015
991,991,991,991,991,991,991,991,991,991,991,991,991,991,991,991,991,991,991,991,991,991,991,991,991,1015,1015,1015,1015,1015,1015,1015,1015,1015,1015,1015,1015,1015,1015,1015,1015,1015,1015,1015,1015,1015,1015,1015,1015,1015,1015,1015,1015,1015,1015,1015,1015,1015,1015,1015,1015,1015,1015,1015,1015,1015,1015,1015,1015,1015,1015,1015,1015,1015,1015,1015,1015,1015,1015,1015,1015,1015,1015,1015,1015,1015,1015,1015,1015,1015,1015,1015,1015,1015,1015,1015,1015,1015,1015,1015,1015,1015,1015,1015,1015,1015,1015,1015,1015,1015,1015,1015,1015,1015,1015,1015,1015,1015,1015,1015
991,991,991,991,991,991,991,991,991,991,991,991,991,991,991,991,991,991,991,991,991,991,991,991,991,1015,1015,1015,1015,1015,1015,1015,1015,1015,1015,1015,1015,1015,1015,1015,1015,1015,1015,1015,1015,1015,1015,1015,1015,1015,1015,1015,1015,1015,1015,1015,1015,1015,1015,1015,1015,1015,1015,1015,1015,1015,1015,1015,1015,1015,1015,1015,1015,1015,1015,1015,1015,1015,1015,1015,1015,1015,1015,1015,1015,1015,1015,1015,1015,1015,1015,1015,1015,1015,1015,1015,1015,1015,1015,1015,1015,1015,1015,1015,1015,1015,1015,1015,1015,1015,1015,1015,1015,1015,1015,1015,1015,1015,1015,1015
991,991,991,991,991,991,991,991,991,991,991,991,991,991,991,991,991,991,991,991,991,991,991,991,1015,1015,1015,1015,1015,1015,1015,1015,1015,1015,1015,1015,1015,1015,1015,1015,1015,1015,1015,1015,1015,1015,1015,1015,1015,1015,1015,1015,1015,1015,1015,1015,1015,1015,1015,1015,1015,1015,1015,1015,1015,1015,1015,1015,1015,1015,1015,1015,1015,1015,1015,1015,1015,1015,1015,1015,1015,1015,1015,1015,1015,1015,1015,1015,1015,1015,1015,1015,1015,1015,1015,1015,1015,1015,1015,1015,1015,1015,1015,1015,1015,1015,1015,1015,1015,1015,1015,1015,1015,1015,1015,1015,1015,1015,1015,1015
991,991,991,991,991,991,991,991,991,991,991,991,991,991,991,991,991,991,991,991,991,991,991,991,1015,1015,1015,1015,1015,1015,1015,1015,1015,1015,1015,1015,1015,1015,1015,1015,1015,1015,1015,1015,1015,1015,1015,1015,1015,1015,1015,1015,1015,1015,1015,1015,1015,1015,1015,1015,1015,1015,1015,1015,1015,1015,1015,1015,1015,1015,1015,1015,1015,1015,1015,1015,1015,1015,1015,1015,1015,1015,1015,1015,1015,1015,1015,1015,1015,1015,1015,1015,1015,1015,1015,1015,1015,1015,1015,1015,1015,1015,1015,1015,1015,1015,1015,1015,1015,1015,1015,1015,1015,1015,1015,1015,1015,1015,1015,1015
991,991,991,991,991,991,991,991,991,991,991,991,991,991,991,991,991,991,991,991,991,991,991,991,1015,1015,1015,1015,1015,1015,1015,1015,1015,1015,1015,1015,1015,1015,1015,1015,1015,1015,1015,1015,1015,1015,1015,1015,1015,1015,1015,1015,1015,1015,1015,1015,1015,1015,1015,1015,1015,1015,1015,1015,1015,1015,1015,1015,1015,1015,1015,1015,1015,1015,1015,1015,1015,1015,1015,1015,1015,1015,1015,1015,1015,1015,1015,1015,1015,1015,1015,1015,1015,1015,1015,1015,1015,1015,1015,1015,1015,1015,1015,1015,1015,1015,1015,1015,1015,1015,1015,1015,1015,1015,1015,1015,1015,1015,1015,1015
991,991,991,991,991,991,991,991,991,991,991,991,991,991,991,991,991,991,991,991,991,991,991,991,1015,1015,1015,1015,1015,1015,1015,1015,1015,1015,1015,1015,1015,1015,1015,1015,1015,1015,1015,1015,1015,1015,1015,1015,1015,1015,1015,1015,1015,1015,1015,1015,1015,1015,1015,1015,1015,1015,1015,1015,1015,1015,1015,1015,1015,1015,1015,1015,1015,1015,1015,1015,1015,1015,1015,1015,1015,1015,1015,1015,1015,1015,1015,1015,1015,1015,1015,1015,1015,1015,1015,1015,1015,1015,1015,1015,1015,1015,1015,1015,1015,1015,1015,1015,1015,1015,1015,1015,1015,1015,1015,1015,1015,1015,1015,1015
991,991,991,991,991,991,991,991,991,991,991,991,991,991,991,991,991,991,991,991,991,991,991,991,1015,1015,1015,1015,1015,1015,1015,1015,1015,1015,1015,1015,1015,1015,1015,1015,1015,1015,1015,1015,1015,1015,1015,1015,1015,1015,1015,1015,1015,1015,1015,1015,1015,1015,1015,1015,1015,1015,1015,1015,1015,1015,1015,1015,1015,1015,1015,1015,1015,1015,1015,1015,1015,1015,1015,1015,1015,1015,1015,1015,1015,1015,1015,1015,1015,1015,1015,1015,1015,1015,1015,1015,1015,1015,1015,1015,1015,1015,1015,1015,1015,1015,1015,1015,1015,1015,1015,1015,1015,1015,1015,1015,1015,1015,1015,1015
991,991,991,991,991,991,991,991,991,991,991,991,991,991,991,991,991,991,991,991,991,991,991,991,991,1015,991,991,991,991,1015,1015,1015,1015,1015,1015,1015,1015,1015,1015,1015,1015,1015,1015,1015,1015,1015,1015,1015,1015,1015,1015,1015,1015,1015,1015,1015,1015,991,1015,1015,1015,1015,1015,1015,1015,1015,1015,1015,1015,1015,1015,1015,1015,1015,1015,1015,1015,1015,1015,1015,1015,1015,1015,1015,1015,1015,1015,1015,1015,1015,1015,1015,1015,1015,1015,1015,1015,1015,1015,1015,1015,1015,1015,1015,1015,1015,1015,1015,1015,1015,1015,1015,1015,1015,1015,1015,1015,1015,1015
991,991,991,991,991,991,991,991,991,991,991,991,991,991,991,991,991,991,991,991,991,991,991,991,991,991,991,991,991,991,1015,1015,1015,1015,991,991,991,991,991,991,991,991,991,991,991,991,991,991,991,991,991,991,991,991,991,991,991,1015,1015,1015,1015,1015,1015,1015,1015,1015,1015,1015,1015,1015,1015,1015,1015,1015,1015,1015,1015,1015,1015,1015,1015,1015,1015,1015,1015,1015,1015,1015,1015,1015,1015,1015,1015,1015,1015,1015,1015,1015,1015,1015,1015,1015,1015,1015,1015,1015,1015,1015,1015,1015,1015,1015,1015,1015,1015,1015,1015,1015,1015,1015
